Navigation_Waypoints:
  center: [-10.4159027459,8.00366603912,1.35068895039,2.4381708224e-05,8.1785372956e-07,-0.999999992984,-0.000115916592112]
  bridge_end_mainland: [-17,7.1,0.943496056853,2.43363483959e-05,3.68785331828e-06,-0.993594059365,0.113008161605]
  bridge_end_island: [-2.88680327371,9.34764742107,0.915375861706,0.000216188343744,-0.0155541332301,0.112857106846,0.993489454215]
  panel1: [ -4.5706589046,-16.1645940567,1.7029225261,2.00275463771e-05,1.43991654043e-05,-0.83571815847,0.549158591843]
  panel2: [-13.9957392383,-13.8292446591,2.76196126879,1.80757463814e-05,1.67553302807e-05,-0.757635603673,0.652677785312]
  panel3: [-26.0017772025,-11.1568686432,3.72921931753,2.24321666398e-05,1.15118781351e-05,-0.926975281322,0.375122416262]
  panel4: [23.0,24.347889151,2.47661804217,1.75959897127e-05,1.59515644263e-05,-0.757943908207,0.652319730997]
  panel5: [11.972924761,23.0581879866,2.07270730902,1.55702609423e-05,1.90937756708e-05,-0.648286781358,0.76139624934]
